v1 - Adam(lr=.01) 
	train: 0.9489247311827957
	val: 0.9354838709677419
	test: 0.9241935483870968

